1.595370000000000177e+00
1.246779999999999999e+00
1.838500000000000023e+00
1.516880000000000006e+00
1.490260000000000140e+00
1.224470000000000169e+00
1.413000000000000034e+00
1.384549999999999725e+00
1.092000000000000082e+00
2.390870000000000495e+00
1.536489999999999911e+00
1.447200000000000264e+00
1.771249999999999991e+00
8.467599999999998461e-01
1.359720000000000262e+00
3.174256666666666060e+00
2.955989999999999451e+00
1.532740000000000213e+00
3.138819999999999943e+00
3.332800000000000207e+00
2.611450000000000049e+00
1.203430000000000000e+00
1.599300000000000166e+00
2.298839999999999772e+00
2.193840000000000234e+00
2.186289999999999623e+00
2.119189999999999685e+00
1.423200000000000021e+00
2.408039999999999292e+00
5.237639999999999851e+00
3.047609999999999708e+00
1.942009999999999792e+00
3.957529999999999770e+00
2.211639999999999606e+00
4.756300000000000416e+00
3.530600000000000183e+00
3.246399999999999064e+00
3.313069999999999737e+00
3.740499999999999492e+00
1.740650000000000475e+00
3.567099999999999937e+00
3.162430000000000074e+00
3.030339999999999812e+00
1.699860000000000149e+00
2.231400000000000272e+00
1.573270000000000834e+00
3.128600000000000048e+00
2.213490000000000180e+00
1.328799999999999759e+00
2.743619999999999504e+00
1.883090000000000153e+00
1.130419999999999980e+00
1.797679999999999945e+00
1.714180000000000037e+00
1.908873333333332978e+00
1.578069999999999862e+00
1.510200000000000431e+00
1.476490000000000080e+00
1.834269999999999623e+00
1.677720000000000100e+00
2.984199999999999520e+00
2.984199999999999520e+00
1.205740000000000034e+00
1.729449999999999932e+00
2.394220000000000237e+00
1.109930000000000083e+00
2.796440000000000481e+00
2.290000000000000036e+00
1.981920000000000126e+00
1.989589999999999748e+00
2.013290000000000024e+00
2.776730000000000143e+00
2.274769999999999737e+00
1.482169999999999765e+00
2.069810000000000372e+00
2.249430000000000263e+00
3.113660000000000760e+00
1.078199999999999825e+00
2.055359999999999854e+00
1.603900000000000325e+00
2.722709999999999742e+00
5.717100000000000293e+00
4.141729999999999912e+00
2.034500000000000419e+00
1.721009999999999929e+00
9.317900000000000071e-01
2.142819999999999947e+00
1.708299999999999708e+00
2.159810000000000230e+00
1.645999999999999908e+00
2.226239999999999775e+00
1.887799999999999923e+00
2.924219999999999597e+00
2.598179999999999712e+00
1.855699999999999683e+00
2.289600000000000080e+00
2.014649999999999608e+00
1.512480000000000047e+00
1.567729999999999846e+00
2.083400000000000141e+00
2.112789999999999946e+00
6.099249999999999616e+00
2.007950000000000568e+00
1.453069999999999862e+00
3.517969999999999597e+00
2.144739999999999647e+00
1.294549999999999867e+00
1.967199999999999616e+00
1.891449999999999632e+00
1.618360000000000243e+00
1.476040000000000241e+00
2.270190000000000374e+00
2.235839999999999606e+00
1.865789999999999837e+00
1.349129999999999940e+00
2.753840000000000288e+00
2.996300000000000185e+00
1.575700000000000101e+00
2.859190000000000342e+00
3.142290000000000472e+00
1.453490000000000171e+00
1.408199999999999896e+00
1.384319999999999995e+00
1.932299999999999907e+00
2.112719999999999931e+00
1.652660000000000240e+00
1.667820000000000080e+00
1.935660000000000158e+00
1.401499999999999746e+00
1.864709999999999868e+00
6.757449999999998624e+00
2.560840000000000227e+00
2.555149999999999810e+00
5.187400000000000233e+00
1.892230000000000301e+00
3.317710000000000381e+00
5.547879999999999256e+00
3.144070000000000586e+00
1.718780000000000197e+00
5.633549999999999613e+00
1.835099999999999953e+00
2.244689999999999852e+00
2.674090000000000078e+00
1.703639999999999821e+00
1.649609999999999799e+00
3.361040000000000916e+00
3.437901111111111074e+00
3.283749999999999947e+00
3.173719999999999875e+00
3.444690000000000030e+00
2.438820000000000210e+00
2.328990000000000116e+00
4.941860000000000142e+00
2.697200000000000930e+00
2.273370480419836248e+00
3.321200000000000152e+00
4.696379999999998667e+00
2.314090000000000646e+00
2.644299999999999429e+00
3.219129999999999381e+00
2.781949999999999257e+00
2.247853333333333481e+00
2.247853333333333481e+00
1.084330000000000016e+00
1.378189999999999582e+00
2.068480000000000096e+00
2.050529999999999742e+00
1.233400000000000052e+00
1.755169999999999675e+00
8.567299999999998805e-01
1.257730000000000237e+00
7.200000000000000178e+00
3.891640000000000210e+00
1.779009999999999758e+00
1.992020000000000124e+00
1.623730000000000118e+00
5.465539999999999843e+00
2.969839999999999591e+00
4.925860000000000127e+00
2.954600000000000559e+00
2.787434166666666435e+00
2.154809999999999892e+00
1.682990000000000208e+00
2.045860000000000234e+00
1.227260000000000240e+00
1.211380000000000123e+00
1.468590000000000062e+00
2.730220000000000091e+00
4.822370000000000267e+00
1.760020000000000140e+00
1.403780000000000028e+00
3.015559999999999796e+00
2.301149999999999807e+00
1.884759999999999769e+00
2.427139999999999631e+00
2.024869999999999948e+00
2.062370000000000037e+00
1.599900000000000100e+00
1.876850000000000351e+00
1.109690000000000065e+00
3.254280000000000062e+00
2.413239999999999608e+00
3.153979999999999784e+00
1.849590000000000067e+00
2.196729999999999627e+00
3.135100000000000442e+00
2.884389999999999787e+00
1.881479999999999819e+00
1.909229999999999983e+00
6.895479999999999166e+00
3.666850000000000165e+00
2.960819999999999563e+00
2.325409999999999755e+00
1.639279999999999848e+00
1.426443333333333507e+00
2.726529999999999898e+00
1.798999999999999932e+00
1.843489999999999851e+00
1.726759999999999851e+00
1.893429999999999502e+00
1.843849999999999989e+00
7.755900000000000016e-01
1.279239999999999933e+00
2.485979999999999634e+00
2.613180000000000280e+00
2.752641666666666875e+00
2.399000000000000021e+00
1.541480000000000405e+00
3.841670000000000584e+00
4.431019999999999293e+00
3.200720000000000010e+00
1.799899999999999611e+00
3.370200000000000085e+00
1.656010000000000204e+00
1.109529999999999905e+00
1.863629999999999898e+00
1.674180000000000224e+00
1.387870000000000159e+00
2.501933333333333120e+00
1.459719999999999684e+00
1.229789999999999939e+00
1.471970000000000001e+00
1.879520000000000080e+00
2.083509999999999973e+00
2.168510000000000382e+00
1.265970000000000040e+00
4.070739999999999803e+00
1.356859999999999955e+00
2.357200000000000184e+00
2.379899999999999682e+00
4.248416666666666508e+00
5.313160000000000771e+00
4.713480000000001446e+00
1.964040000000000230e+00
3.054679999999999840e+00
3.325159999999999894e+00
2.604800000000000448e+00
1.050899999999999945e+00
1.658909999999999885e+00
1.466529999999999889e+00
3.076000000000000512e+00
1.575520000000000032e+00
1.994770000000000376e+00
7.549650000000001526e+00
2.107099999999999973e+00
2.253500000000000281e+00
2.634260000000000712e+00
2.623066666666666880e+00
2.566399999999999793e+00
2.492630000000000123e+00
2.478980000000000405e+00
3.078629999999999534e+00
3.091690000000000715e+00
2.214719999999999800e+00
1.872000000000000330e+00
2.465050000000000185e+00
1.356250000000000178e+00
8.787699999999999401e-01
1.979300000000000059e+00
3.415599999999999969e+00
1.467590000000000172e+00
9.794100000000002249e-01
1.027739999999999876e+00
2.322030000000000260e+00
2.988049999999999873e+00
3.109290000000000109e+00
3.387610000000000454e+00
2.557649999999999757e+00
3.414849999999999941e+00
2.715149999999999952e+00
4.139070000000000249e+00
2.843639999999999723e+00
4.205929999999999502e+00
1.292839999999999989e+00
3.109290000000000109e+00
2.161270000000000024e+00
2.600429999999999797e+00
2.552410000000000512e+00
2.148460000000000036e+00
2.242929999999999868e+00
2.490450000000000497e+00
2.401390000000000136e+00
3.585799999999999876e+00
2.036070000000000046e+00
3.555560000000000720e+00
1.520920000000000050e+00
2.814999999999999947e+00
2.598720000000000585e+00
2.154580000000000162e+00
1.256850000000000245e+00
3.585799999999999876e+00
2.462858333333333150e+00
2.738060000000000382e+00
3.250399999999999068e+00
4.718320000000000292e+00
1.340800000000000214e+00
1.162369999999999903e+00
2.247850000000000126e+00
2.105980000000000185e+00
3.312529999999999752e+00
2.350750000000000117e+00
2.114099999999999646e+00
3.270000000000000906e+00
2.362299999999999844e+00
3.823300000000000143e+00
1.826730000000000187e+00
1.800450000000000106e+00
3.417999999999999261e+00
3.234099999999999753e+00
2.735160000000000036e+00
2.272050000000000125e+00
3.423750000000000071e+00
2.608000000000000540e+00
3.637599999999999945e+00
2.208030000000000381e+00
1.629670000000000174e+00
4.099529999999999674e+00
2.828949999999999854e+00
5.288279999999999426e+00
2.216010000000000257e+00
1.510799999999999921e+00
2.914200000000000124e+00
3.392884166666665813e+00
3.192609999999999726e+00
5.172720000000000873e+00
4.362930000000000419e+00
2.697789999999999466e+00
3.382009999999999739e+00
4.425500000000000433e+00
2.826359999999999761e+00
2.659149999999999459e+00
1.779549999999999743e+00
3.101179999999999826e+00
4.088639999999999830e+00
2.099450000000000482e+00
2.155510000000000037e+00
2.422089999999999854e+00
1.723600000000000021e+00
2.190630000000000077e+00
5.940539999999999488e+00
2.398169999999999913e+00
5.653949999999998255e+00
2.062370000000000037e+00
1.218900000000000095e+00
1.223629999999999995e+00
2.303300000000000125e+00
2.776689999999999880e+00
1.636349999999999971e+00
3.178900000000000947e+00
1.191230000000000011e+00
1.903219999999999690e+00
1.980739999999999501e+00
1.885140000000000038e+00
1.890509999999999913e+00
2.909180000000000099e+00
1.453069999999999862e+00
2.119499999999999940e+00
2.769130000000000091e+00
1.655100000000000460e+00
2.822719999999999896e+00
2.149953333333332939e+00
2.419489999999999696e+00
2.745999999999999996e+00
3.399739999999999540e+00
3.233369999999999855e+00
3.384219999999999562e+00
2.305919999999999970e+00
1.886100000000000110e+00
2.127339999999999787e+00
4.668480000000000629e+00
1.917360000000000175e+00
3.094050000000000189e+00
2.394119999999999582e+00
1.968069999999999986e+00
1.755710000000000326e+00
6.757449999999998624e+00
1.993540000000000090e+00
1.788499999999999979e+00
2.025240000000000595e+00
2.479189999999999561e+00
1.414450000000000207e+00
2.651250000000000107e+00
2.643200000000000216e+00
1.254469999999999974e+00
1.903289999999999704e+00
2.976599999999999469e+00
4.706930000000000724e+00
3.169156666666667288e+00
2.278480000000000061e+00
2.843720000000000248e+00
2.697789999999999466e+00
2.656580000000000386e+00
6.841199999999998838e+00
2.086909999999999599e+00
3.070700000000000873e+00
4.314770000000000216e+00
1.569420000000000037e+00
2.097999999999999865e+00
1.756290000000000129e+00
2.135600000000000165e+00
2.795449999999999768e+00
2.782206785714285591e+00
3.499060000000000059e+00
2.611520000000000064e+00
1.867449999999999610e+00
2.205507878787878351e+00
2.697050000000000392e+00
2.423329999999999984e+00
1.392120000000000024e+00
1.871659999999999879e+00
1.591860000000000497e+00
1.716630000000000322e+00
2.359509999999999330e+00
1.070420000000000149e+00
3.142139999999999933e+00
3.495049999999999990e+00
2.885770000000000390e+00
4.421389999999999709e+00
3.721299999999999830e+00
2.444469999999999921e+00
3.952850000000000197e+00
4.093849999999998879e+00
1.382490000000000219e+00
2.308140000000000303e+00
1.867099999999999982e+00
2.364829999999999544e+00
1.783830000000000027e+00
2.829899999999999860e+00
5.366209999999998814e+00
2.380649999999999711e+00
2.763999999999999790e+00
3.358029999999999404e+00
2.763999999999999790e+00
3.197119999999999962e+00
1.352510000000000323e+00
1.941799999999999971e+00
1.407920000000000060e+00
2.047679999999999723e+00
2.369099999999999984e+00
3.729400000000000048e+00
1.439600000000000213e+00
2.920675000000000576e+00
1.003870000000000262e+00
3.290804999999999758e+00
2.829109999999999125e+00
2.959280000000000133e+00
7.419800000000001283e+00
1.521099999999999897e+00
6.861769999999999925e+00
2.374800000000000022e+00
1.639799999999999702e+00
9.643500000000000405e-01
1.645799999999999930e+00
3.513909999999999645e+00
1.948169999999999735e+00
1.707149999999999723e+00
1.543299999999999894e+00
1.778190000000000159e+00
3.291329999999999423e+00
1.453369999999999829e+00
1.381710000000000216e+00
2.273940000000000072e+00
1.791900000000000048e+00
1.428420000000000245e+00
4.248416666666666508e+00
2.518149999999999888e+00
2.939810000000000034e+00
2.846470000000000056e+00
1.084160000000000013e+00
3.312050000000000161e+00
2.149953333333332939e+00
5.205775000000000041e+00
2.667879999999999363e+00
1.490890000000000049e+00
2.471610000000000085e+00
2.274100000000000232e+00
1.704870000000000330e+00
5.934599999999999653e+00
2.679770000000000429e+00
1.218779999999999974e+00
1.868730000000000224e+00
1.071619999999999795e+00
1.651759999999999895e+00
1.469349999999999934e+00
3.149410000000000043e+00
2.338020000000000209e+00
2.877899999999999459e+00
2.106430000000000025e+00
5.554100000000000037e+00
3.794830000000000148e+00
3.525516666666667298e+00
2.261850000000000360e+00
5.678299999999999237e+00
1.974000000000000421e+00
3.295209999999999972e+00
2.856750000000000345e+00
3.024016666666666353e+00
2.551829999999999377e+00
1.849380000000000024e+00
3.124020000000000241e+00
2.899280000000000079e+00
1.518740000000000201e+00
4.164410000000000167e+00
4.014840000000001297e+00
2.404433333333333422e+00
3.221500000000000252e+00
1.572969999999999979e+00
2.843489999999999629e+00
5.436290000000000511e+00
2.667059999999999764e+00
2.738599999999999923e+00
1.385940000000000172e+00
2.019789999999999974e+00
2.117319999999999869e+00
2.683540000000000258e+00
2.715890000000000359e+00
3.650100000000000122e+00
3.407020000000000604e+00
1.702069999999999972e+00
3.157974999999999977e+00
1.596090000000000009e+00
1.193759999999999932e+00
1.391419999999999879e+00
1.559636666666666560e+00
1.655970000000000164e+00
3.089020000000000543e+00
2.138299999999999645e+00
2.837758571428571575e+00
3.439200000000000035e+00
3.387469999999999537e+00
2.370089999999999808e+00
5.037309999999999732e+00
2.829419999999999380e+00
2.292120000000000601e+00
4.468319999999999403e+00
2.129079999999999639e+00
4.205200000000000493e+00
3.569566666666667221e+00
2.088309999999999889e+00
6.858929999999999083e+00
1.725049999999999528e+00
2.891160000000000174e+00
2.783290000000000042e+00
3.112200000000000522e+00
2.836399999999999810e+00
1.498809999999999754e+00
2.918319999999999581e+00
2.758000000000000007e+00
1.434780000000000166e+00
2.318889999999999230e+00
4.706559999999998745e+00
3.299124999999999197e+00
1.197750000000000092e+00
1.214920000000000000e+00
2.097280000000000033e+00
2.591899999999999871e+00
2.887700000000000156e+00
1.549190000000000067e+00
2.139209999999999834e+00
1.760359999999999925e+00
2.978299999999999503e+00
3.249970000000000692e+00
1.322410000000000085e+00
3.078040000000000109e+00
6.135529999999999262e+00
3.368199999999998528e+00
2.875160000000000160e+00
1.695969999999999978e+00
2.301779999999999937e+00
2.138370000000000104e+00
2.710019999999999651e+00
4.349219999999999864e+00
2.494129999999999736e+00
3.392475000000000573e+00
2.858180000000000387e+00
3.142139999999999933e+00
9.459499999999999575e-01
2.494439999999999991e+00
2.335630000000000095e+00
2.442350000000000243e+00
1.862670000000000048e+00
2.059879999999999711e+00
2.885979999999999990e+00
2.407480000000000064e+00
1.874540000000000095e+00
2.656319999999999570e+00
2.734910000000000174e+00
2.313260000000000094e+00
6.058249999999999247e+00
2.762100000000000222e+00
2.147050000000000125e+00
1.704079999999999817e+00
1.454009999999999803e+00
1.584679999999999644e+00
4.272619999999999862e+00
2.370880000000000098e+00
3.034560000000000368e+00
3.231710000000000083e+00
3.855129999999999502e+00
1.776320000000000121e+00
3.130399999999999849e+00
2.576700000000000212e+00
2.879300000000000193e+00
1.711020000000000429e+00
1.689179999999999904e+00
2.653939999999999966e+00
2.945410000000000306e+00
5.030880000000000685e+00
2.432190000000000296e+00
1.706209999999999782e+00
4.517490000000000450e+00
2.811749999999999972e+00
3.709300000000000708e+00
3.740499999999999492e+00
1.645190000000000152e+00
1.562379999999999880e+00
1.473030000000000062e+00
1.955800000000000427e+00
1.985249999999999959e+00
2.683829999999999494e+00
7.275210000000002175e+00
3.450551111111110458e+00
2.264529999999999710e+00
1.916259999999999852e+00
6.579030000000000378e+00
2.270519999999999872e+00
2.999859999999999971e+00
2.803050000000000264e+00
1.586410000000000098e+00
2.022549999999999848e+00
2.119800000000000129e+00
2.270519999999999872e+00
2.668030000000000346e+00
2.690770000000000106e+00
2.779090000000000504e+00
2.541950000000000376e+00
3.442649999999999988e+00
3.084323333333332862e+00
3.030530000000000168e+00
1.165719999999999867e+00
2.428389999999999826e+00
2.037416666666666210e+00
2.527900000000000258e+00
2.936690000000000467e+00
5.954589999999998717e+00
2.728590000000000071e+00
2.920750000000000401e+00
3.433479999999999421e+00
1.979349999999999943e+00
3.397471428571428476e+00
2.418600000000000083e+00
2.121399999999999952e+00
2.831782500000000535e+00
2.506849999999999135e+00
1.867290000000000116e+00
1.717200000000000060e+00
2.101639999999999731e+00
3.495920000000001249e+00
4.725110000000000809e+00
4.942840000000000344e+00
3.367669999999999053e+00
2.246540000000000425e+00
3.047460000000000058e+00
1.155490000000000128e+00
2.133500000000000174e+00
2.155109999999999637e+00
3.994349999999999845e+00
3.192629999999999857e+00
2.950409999999999755e+00
2.598689999999999944e+00
2.431963571428571669e+00
1.838780000000000303e+00
2.415159999999999307e+00
1.287540000000000129e+00
5.554950000000000720e+00
3.618489999999999984e+00
3.534560000000000368e+00
2.039449999999999985e+00
2.091260000000000119e+00
1.709400000000000031e+00
2.649550000000000516e+00
2.601010000000000044e+00
3.658620000000000427e+00
3.009530000000000705e+00
1.379380000000000051e+00
1.874139999999999695e+00
2.658140000000000391e+00
1.949949999999999628e+00
2.866740000000000066e+00
3.018060000000000187e+00
4.686320000000000263e+00
2.925699999999999523e+00
1.811509999999999954e+00
2.270579999999999377e+00
1.509610000000000118e+00
4.368699999999999584e+00
3.956070000000000420e+00
2.961999999999999744e+00
1.015700000000000269e+00
3.449139999999999429e+00
6.013600000000000279e+00
1.336500000000000021e+00
2.439309999999999867e+00
2.106079999999999952e+00
2.142679999999999474e+00
1.444030000000000147e+00
1.393229999999999746e+00
2.113280000000000047e+00
2.104449999999999932e+00
1.448709999999999720e+00
1.405750000000000055e+00
3.395999999999999464e+00
1.701739999999999808e+00
5.386541666666667005e+00
2.697220000000000173e+00
2.072819999999999663e+00
2.039500000000000313e+00
3.081229999999999691e+00
3.101939999999999920e+00
2.960850000000000204e+00
2.499499999999999500e-01
6.058249999999999247e+00
1.982730000000000325e+00
2.303889999999999993e+00
3.364949999999999886e+00
2.344819999999999904e+00
1.224289999999999878e+00
7.096299999999999830e-01
1.428949999999999942e+00
1.069900000000000073e+00
1.129179999999999851e+00
1.406919999999999948e+00
2.411029999999999784e+00
1.781930000000000236e+00
2.265310000000000379e+00
1.797660000000000258e+00
2.950620000000000243e+00
2.193459999999999965e+00
1.431450000000000111e+00
1.667340000000000044e+00
1.675849999999999618e+00
1.643590000000000106e+00
1.772790000000000088e+00
1.589680000000000204e+00
1.499410000000000132e+00
1.660949999999999926e+00
1.395100000000000007e+00
1.405900000000000150e+00
1.063840000000000119e+00
1.534769999999999968e+00
1.217420000000000169e+00
6.413499999999998646e-01
2.706900000000000084e+00
1.118740000000000068e+00
1.531429999999999847e+00
1.422180000000000000e+00
1.453989999999999672e+00
9.239000000000000545e-01
1.330510000000000081e+00
9.913599999999999079e-01
9.226700000000001012e-01
8.539999999999998703e-01
1.812130000000000019e+00
1.450910000000000144e+00
1.596279999999999921e+00
1.133099999999999996e+00
1.085180000000000033e+00
1.135619999999999852e+00
1.058300000000000241e+00
1.282630000000000159e+00
9.954899999999999860e-01
1.490000000000000213e+00
2.640290833333333254e+00
1.363559999999999883e+00
1.063950000000000173e+00
1.069900000000000073e+00
1.101210000000000022e+00
3.989700000000000024e+00
1.132319999999999993e+00
2.094639999999999613e+00
5.095680000000000653e+00
3.484999999999999432e+00
4.064529999999999532e+00
2.807429999999999648e+00
2.566980000000000484e+00
1.858410000000000117e+00
2.623910000000000409e+00
2.952300000000000146e+00
2.656029999999999891e+00
1.115040000000000031e+00
1.095269999999999966e+00
2.832689999999999930e+00
1.669629999999999947e+00
1.295760000000000023e+00
1.678559999999999830e+00
2.030740000000000212e+00
2.950620000000000243e+00
1.579800000000000093e+00
1.593660000000000077e+00
2.177660000000000373e+00
9.530599999999999072e-01
2.096513333333333229e+00
1.499720000000000164e+00
1.009900000000000020e+00
1.868400000000000283e+00
6.793200000000000349e-01
7.338599999999999568e-01
1.213950000000000085e+00
9.967899999999999539e-01
1.377919999999999812e+00
8.192099999999998827e-01
1.862430000000000252e+00
7.305000000000000382e-01
9.203699999999999104e-01
1.278190000000000159e+00
1.548470000000000013e+00
1.832599999999999563e+00
1.683670000000000000e+00
2.249160000000000270e+00
1.039910000000000112e+00
1.237959999999999949e+00
1.647450000000000081e+00
1.302169999999999828e+00
2.586800000000000210e+00
1.315099999999999714e+00
1.063899999999999846e+00
1.448729999999999851e+00
2.651989999999999625e+00
1.302410000000000290e+00
1.461980000000000057e+00
8.933200000000001140e-01
1.173880000000000035e+00
1.264169999999999794e+00
1.487609999999999877e+00
1.211529999999999996e+00
1.365470000000000184e+00
1.173509999999999609e+00
3.338500000000000689e+00
3.442499999999999893e+00
1.980439999999999756e+00
2.079029999999999934e+00
2.237200000000000077e+00
1.467249999999999721e+00
1.611140000000000239e+00
2.448949999999999516e+00
1.263630000000000031e+00
1.465919999999999668e+00
1.034829999999999695e+00
9.647700000000001275e-01
1.263959999999999972e+00
1.030880000000000019e+00
1.020870000000000166e+00
1.047700000000000076e+00
1.112259999999999804e+00
1.076029999999999820e+00
1.812809999999999588e+00
1.457320000000000171e+00
2.297479999999999745e+00
2.098329999999999806e+00
1.168860000000000010e+00
1.767169999999999686e+00
9.639999999999998570e-01
1.338750000000000107e+00
2.893920000000000048e+00
1.185969999999999969e+00
1.534540000000000237e+00
1.560010000000000119e+00
1.484639999999999960e+00
1.409379999999999855e+00
1.306020000000000181e+00
1.748849999999999572e+00
1.943640000000000478e+00
1.543959999999999999e+00
1.666849999999999721e+00
2.219050000000000189e+00
1.584779999999999855e+00
1.929370000000000029e+00
1.298999999999999710e+00
1.717459999999999543e+00
2.152959999999999763e+00
3.555560000000000720e+00
1.179459999999999953e+00
1.222150000000000292e+00
1.120359999999999800e+00
8.956499999999999462e-01
1.865009999999999835e+00
2.382840000000000291e+00
1.535380000000000189e+00
1.628710000000000324e+00
1.888309999999999489e+00
1.425310000000000077e+00
3.378680000000000128e+00
1.415380000000000082e+00
1.416509999999999936e+00
1.490899999999999892e+00
1.348739999999999828e+00
1.160049999999999804e+00
1.042990000000000084e+00
9.908899999999999375e-01
1.519900000000000029e+00
5.054129999999998901e+00
3.854310000000000791e+00
4.298599999999999532e+00
3.074500000000000455e+00
2.742760000000000531e+00
6.703790000000000582e+00
1.981430000000000025e+00
1.119099999999999984e+00
9.391300000000001313e-01
8.620400000000001395e-01
1.180639999999999912e+00
1.191670000000000007e+00
2.843120000000000314e+00
1.302370000000000028e+00
1.155320000000000125e+00
1.110539999999999861e+00
6.713999999999999968e-01
1.500680000000000014e+00
9.311500000000001442e-01
9.208499999999998353e-01
1.581850000000000200e+00
1.542000000000000259e+00
1.174280000000000213e+00
6.883500000000000174e-01
1.465240000000000098e+00
1.203630000000000200e+00
1.646840000000000082e+00
1.816909999999999803e+00
1.026240000000000041e+00
1.907070000000000043e+00
1.337989999999999791e+00
1.326740000000000030e+00
1.303700000000000081e+00
1.036370000000000013e+00
9.296200000000001129e-01
1.132829999999999782e+00
8.448100000000000609e-01
1.813819999999999988e+00
1.706790000000000251e+00
1.457750000000000101e+00
2.814299999999999580e-01
3.155499999999999972e-01
8.771700000000001163e-01
1.110109999999999930e+00
1.353159999999999918e+00
9.274699999999999056e-01
4.567599999999999660e+00
1.708390000000000075e+00
2.008399999999999519e+00
1.380419999999999980e+00
1.602229999999999821e+00
1.146770000000000067e+00
1.245090000000000252e+00
8.603699999999998571e-01
1.368429999999999813e+00
9.185200000000002252e-01
5.849999999999999645e-01
2.724869999999999681e+00
1.588500000000000023e+00
1.067040000000000211e+00
1.735200000000000076e+00
1.589409999999999767e+00
1.383240000000000247e+00
1.026569999999999983e+00
1.429610000000000047e+00
1.364959999999999951e+00
1.404939999999999856e+00
1.203230000000000022e+00
2.096450000000000369e+00
1.385890000000000066e+00
3.166300000000000558e+00
1.445470000000000255e+00
1.701680000000000303e+00
4.254779999999999340e+00
9.721700000000000896e-01
2.068220000000000613e+00
2.171889999999999876e+00
1.692399999999999682e+00
1.652119999999999811e+00
3.221799999999999664e-01
2.153319999999999901e+00
2.181480000000000086e+00
7.329199999999999049e-01
3.468280000000000474e+00
1.443450000000000122e+00
9.690499999999999670e-01
8.800000000000002265e-01
1.355199999999999738e+00
4.827290000000000525e+00
1.496899999999999897e+00
1.766250000000000098e+00
1.566909999999999803e+00
1.259539999999999882e+00
1.245460000000000012e+00
3.678279999999999550e+00
1.695959999999999468e+00
1.423410000000000286e+00
1.236580000000000013e+00
1.749929999999999541e+00
1.232669999999999932e+00
6.324900000000001077e-01
1.069299999999999917e+00
1.447579999999999867e+00
1.226049999999999862e+00
1.144220000000000015e+00
1.677859999999999907e+00
1.322829999999999950e+00
1.873590000000000089e+00
1.612500000000000266e+00
1.513219999999999787e+00
1.417470000000000008e+00
1.265680000000000360e+00
1.351409999999999778e+00
1.364370000000000305e+00
1.752480000000000038e+00
1.373749999999999805e+00
1.694499999999999895e+00
1.129990000000000050e+00
1.500999999999999890e+00
1.657629999999999937e+00
1.016049999999999898e+00
1.834559999999999746e+00
1.350679999999999659e+00
1.389949999999999797e+00
1.283769999999999856e+00
1.575440000000000396e+00
1.158749999999999725e+00
1.384959999999999969e+00
1.617169999999999996e+00
1.271739999999999871e+00
1.189900000000000180e+00
1.994499999999999940e+00
1.344949999999999868e+00
1.242399999999999727e+00
1.927039999999999864e+00
1.793770000000000087e+00
1.512820000000000054e+00
1.296220000000000150e+00
1.995890000000000164e+00
1.542000000000000259e+00
2.273660000000000014e+00
1.284599999999999742e+00
1.016699999999999937e+00
1.236700000000000133e+00
1.202870000000000106e+00
1.324300000000000033e+00
2.964010000000000034e+00
2.000799999999999912e+00
1.975800000000000445e+00
9.666600000000000747e-01
6.463299999999999601e-01
1.754499999999999948e+00
2.599839999999999929e+00
1.017740000000000089e+00
1.491759999999999975e+00
3.929999999999999605e-01
9.738399999999998169e-01
2.188149999999999817e+00
